3580
309
7471
9387
8692
6381
5774
9132
4844
2772
8160
9302
4035
7704
1394
6637
6556
288
1046
8495
3858
8607
5687
9770
3259
5326
9804
6859
5296
4458
6290
7453
2279
2604
6387
7646
145
1498
6994
8816
4015
3777
5468
3057
2602
9621
2376
6916
3411
2890
6613
624
2812
8547
1769
3424
5694
2566
6078
7054
8757
947
3233
4612
1620
6509
9417
1674
4353
4611
5944
4411
2353
1119
4825
1005
2980
447
9232
7783
138
3349
2618
2937
687
8875
387
9246
9680
1027
962
175
3722
3905
6501
9120
7890
5189
7695
2324
681
6216
6642
2238
6400
1970
9858
4617
2206
1505
4833
5044
8997
6479
5682
9400
135
7970
8792
4568
7060
1748
6383
1910
8198
8333
8611
4009
829
8138
3410
5119
9307
3881
3921
1025
7024
4424
5262
6709
1176
8726
9231
5632
3685
721
7714
4130
2456
5448
7946
3068
6569
4715
6622
1655
5912
4957
8447
8819
7667
3269
5555
1424
2450
1767
9663
4023
8973
7506
8490
9129
5782
2605
1607
6037
6995
5343
241
5109
6511
2782
5177
9195
4916
6833
6489
7782
650
1781
3452
3368
1150
5756
5837
3016
9575
7596
551
278
8401
