135
138
145
175
241
278
288
309
387
447
551
624
650
681
687
721
829
947
962
1005
1025
1027
1046
1119
1150
1176
1394
1424
1498
1505
1607
1620
1655
1674
1748
1767
1769
1781
1910
1970
2206
2238
2279
2324
2353
2376
2450
2456
2566
2602
2604
2605
2618
2772
2782
2812
2890
2937
2980
3016
3057
3068
3233
3259
3269
3349
3368
3410
3411
3424
3452
3580
3685
3722
3777
3858
3881
3905
3921
4009
4015
4023
4035
4130
4353
4411
4424
4458
4568
4611
4612
4617
4715
4825
4833
4844
4916
4957
5044
5109
5119
5177
5189
5262
5296
5326
5343
5448
5468
5555
5632
5682
5687
5694
5756
5774
5782
5837
5912
5944
6037
6078
6216
6290
6381
6383
6387
6400
6479
6489
6501
6509
6511
6556
6569
6613
6622
6637
6642
6709
6833
6859
6916
6994
6995
7024
7054
7060
7453
7471
7506
7596
7646
7667
7695
7704
7714
7782
7783
7890
7946
7970
8138
8160
8198
8333
8401
8447
8490
8495
8547
8607
8611
8692
8726
8757
8792
8816
8819
8875
8973
8997
9120
9129
9132
9195
9231
9232
9246
9302
9307
9387
9400
9417
9575
9621
9663
9680
9770
9804
9858
